       012345678012345678012345678012345678012345678012345678012345678012345678012345678012345678012345678012345678012345678012345678012345678012345678012345678012345678012345678012345678012345678012345678012345678012345678012345678012345678012345678012345678012345678012345678012345678012345678012345678012345678012345678012345678
r0c0#5 1                                                                                    1                                                                                1                                                                                1                                                                            
r0c1#3  1                                                                                 1                                                                                         1                                                                       1                                                                              
r0c2#9   1                                                                                      1                                                                                                  1                                                              1                                                                        
r0c3#2    1                                                                              1                                                                                                           1                                                              1                                                                      
r0c4#6     1                                                                                 1                                                                                                                    1                                                     1                                                                  
r0c5#1      1                                                                           1                                                                                                                             1                                            1                                                                       
r0c6#7       1                                                                                1                                                                                                                                      1                                            1                                                        
r0c7#4        1                                                                            1                                                                                                                                               1                                   1                                                           
r0c8#8         1                                                                               1                                                                                                                                                        1                          1                                                       
r1c0#4          1                                                                                   1                                                                       1                                                                                1                                                                             
r1c1#1           1                                                                               1                                                                                1                                                                       1                                                                                
r1c2#6            1                                                                                   1                                                                                         1                                                              1                                                                           
r1c3#7             1                                                                                   1                                                                                                  1                                                              1                                                                 
r1c4#5              1                                                                                1                                                                                                           1                                                     1                                                                   
r1c5#8               1                                                                                  1                                                                                                                    1                                            1                                                                
r1c6#3                1                                                                            1                                                                                                                             1                                            1                                                            
r1c7#9                 1                                                                                 1                                                                                                                                      1                                   1                                                      
r1c8#2                  1                                                                         1                                                                                                                                               1                          1                                                             
r2c0#7                   1                                                                                      1                                                              1                                                                                1                                                                          
r2c1#8                    1                                                                                      1                                                                       1                                                                       1                                                                         
r2c2#2                     1                                                                               1                                                                                1                                                              1                                                                               
r2c3#9                      1                                                                                     1                                                                                         1                                                              1                                                               
r2c4#3                       1                                                                              1                                                                                                  1                                                     1                                                                     
r2c5#4                        1                                                                              1                                                                                                           1                                            1                                                                    
r2c6#1                         1                                                                          1                                                                                                                    1                                            1                                                              
r2c7#6                          1                                                                              1                                                                                                                             1                                   1                                                         
r2c8#5                           1                                                                            1                                                                                                                                      1                          1                                                          
r3c0#3                            1                                                                                  1                                                     1                                                                                                           1                                                   
r3c1#9                             1                                                                                       1                                                              1                                                                                                  1                                             
r3c2#4                              1                                                                                 1                                                                       1                                                                                         1                                                  
r3c3#8                               1                                                                                    1                                                                                1                                                                                         1                                     
r3c4#2                                1                                                                             1                                                                                         1                                                                                1                                           
r3c5#5                                 1                                                                               1                                                                                                  1                                                                       1                                        
r3c6#6                                  1                                                                               1                                                                                                           1                                                                       1                              
r3c7#1                                   1                                                                         1                                                                                                                    1                                                              1                                   
r3c8#7                                    1                                                                              1                                                                                                                             1                                                     1                             
r4c0#6                                     1                                                                                     1                                            1                                                                                                           1                                                
r4c1#7                                      1                                                                                     1                                                     1                                                                                                  1                                               
r4c2#5                                       1                                                                                  1                                                              1                                                                                         1                                                 
r4c3#3                                        1                                                                               1                                                                       1                                                                                         1                                          
r4c4#1                                         1                                                                            1                                                                                1                                                                                1                                            
r4c5#9                                          1                                                                                   1                                                                                         1                                                                       1                                    
r4c6#8                                           1                                                                                 1                                                                                                  1                                                                       1                            
r4c7#2                                            1                                                                          1                                                                                                           1                                                              1                                  
r4c8#4                                             1                                                                           1                                                                                                                    1                                                     1                                
r5c0#8                                              1                                                                                       1                                   1                                                                                                           1                                              
r5c1#2                                               1                                                                                1                                            1                                                                                                  1                                                    
r5c2#1                                                1                                                                              1                                                     1                                                                                         1                                                     
r5c3#6                                                 1                                                                                  1                                                              1                                                                                         1                                       
r5c4#4                                                  1                                                                               1                                                                       1                                                                                1                                         
r5c5#7                                                   1                                                                                 1                                                                                1                                                                       1                                      
r5c6#9                                                    1                                                                                  1                                                                                         1                                                                       1                           
r5c7#5                                                     1                                                                             1                                                                                                  1                                                              1                               
r5c8#3                                                      1                                                                          1                                                                                                           1                                                     1                                 
r6c0#9                                                       1                                                                                        1                          1                                                                                                                                      1                  
r6c1#4                                                        1                                                                                  1                                   1                                                                                                                             1                       
r6c2#8                                                         1                                                                                     1                                            1                                                                                                                    1                   
r6c3#1                                                          1                                                                             1                                                     1                                                                                                                    1                 
r6c4#7                                                           1                                                                                  1                                                              1                                                                                                           1           
r6c5#2                                                            1                                                                            1                                                                       1                                                                                                  1                
r6c6#5                                                             1                                                                              1                                                                                1                                                                                                  1    
r6c7#3                                                              1                                                                           1                                                                                         1                                                                                         1      
r6c8#6                                                               1                                                                             1                                                                                                  1                                                                                1   
r7c0#2                                                                1                                                                                 1                 1                                                                                                                                      1                         
r7c1#6                                                                 1                                                                                    1                          1                                                                                                                             1                     
r7c2#7                                                                  1                                                                                    1                                   1                                                                                                                    1                    
r7c3#5                                                                   1                                                                                 1                                            1                                                                                                                    1             
r7c4#9                                                                    1                                                                                    1                                                     1                                                                                                           1         
r7c5#3                                                                     1                                                                             1                                                              1                                                                                                  1               
r7c6#4                                                                      1                                                                             1                                                                       1                                                                                                  1     
r7c7#8                                                                       1                                                                                1                                                                                1                                                                                         1 
r7c8#1                                                                        1                                                                        1                                                                                         1                                                                                1        
r8c0#1                                                                         1                                                                                1        1                                                                                                                                      1                          
r8c1#5                                                                          1                                                                                   1                 1                                                                                                                             1                      
r8c2#3                                                                           1                                                                                1                          1                                                                                                                    1                        
r8c3#4                                                                            1                                                                                1                                   1                                                                                                                    1              
r8c4#8                                                                             1                                                                                   1                                            1                                                                                                           1          
r8c5#6                                                                              1                                                                                1                                                     1                                                                                                  1            
r8c6#2                                                                               1                                                                           1                                                              1                                                                                                  1       
r8c7#7                                                                                1                                                                               1                                                                       1                                                                                         1  
r8c8#9                                                                                 1                                                                                1                                                                                1                                                                                1
